=== RESTART: \HomographyExample\2_HomographyExample.py ===
[[85.8, 50, 172], [10.3, 50, 172], [85.8, 10, 172], [10.3, 10, 172]]
Magnification M = 147.0
f = 0.9932432432432432
pts1 = [
[0.7633351625737411, 0.48905885581012476], 
[0.3826759500617368, 0.48905885581012476], 
[0.7633351625737411, 0.28738510083687746], 
[0.3826759500617368, 0.28738510083687746]]

pts2 = [
[0.8334167924269448, 0.48905885581012476], 
[0.4527575799149403, 0.48905885581012476], 
[0.8334167924269448, 0.28738510083687746], 
[0.4527575799149403, 0.28738510083687746]]

Homography Matrix: H = 
[[ 1.00000008e+00  0.00000000e+00  7.00815914e-02]
 [ 0.00000000e+00  1.00000000e+00 -1.92296269e-16]
 [ 0.00000000e+00  0.00000000e+00  1.00000000e+00]]

0 [85.79999999999959, 49.999999999999744, 171.9999999999995]
1 [10.300000000000011, 49.99999999999999, 171.99999999999991]
2 [85.79999999999977, 9.999999999999918, 171.99999999999972]
3 [10.30000000000006, 10.000000000000036, 172.00000000000009]