5690
221 335
221 336
224 339
224 340
227 343
227 344
230 347
230 348
232 350
232 351
235 354
235 355
238 358
238 359
240 361
240 362
243 365
243 366
245 368
245 369
248 372
248 373
251 376
251 377
253 379
253 380
256 383
256 384
258 386
258 387
261 390
261 391
264 394
264 395
266 397
266 398
269 401
269 402
272 405
272 406
274 408
274 409
277 412
277 413
279 415
279 416
282 419
282 420
285 423
285 424
287 426
287 427
290 430
290 431
292 433
292 434
295 437
295 438
298 441
298 442
300 444
300 445
303 448
303 449
306 452
306 453
308 455
308 456
311 459
311 460
313 462
313 463
316 466
316 467
319 470
319 471
321 473
321 474
324 477
324 478
326 480
326 481
329 484
329 485
332 488
332 489
334 491
334 492
337 495
337 496
340 499
340 500
342 502
342 503
345 506
345 507
347 509
347 510
350 513
350 514
353 517
353 518
355 520
355 521
357 521
358 520
359 520
360 519
362 519
363 518
365 518
366 517
367 517
368 516
370 516
371 515
372 515
373 514
375 514
376 513
378 513
379 512
380 512
381 511
383 511
384 510
385 510
386 509
388 509
389 508
391 508
392 507
393 507
394 506
396 506
397 505
398 505
399 504
401 504
402 503
404 503
405 502
406 502
407 501
409 501
410 500
411 500
412 499
414 499
415 498
416 498
417 497
419 497
420 496
422 496
423 495
424 495
425 494
427 494
428 493
429 493
430 492
432 492
433 491
435 491
436 490
437 490
438 489
440 489
441 488
442 488
443 487
445 487
446 486
448 486
449 485
450 485
451 484
453 484
454 483
455 483
456 482
458 482
459 481
461 481
462 480
463 480
464 479
466 479
467 478
468 478
469 477
471 477
472 476
474 476
475 475
476 475
477 474
479 474
480 473
481 473
482 472
484 472
485 471
487 471
488 470
489 470
490 469
492 469
493 468
494 468
495 467
497 467
498 466
499 466
500 465
502 465
503 464
505 464
506 463
507 463
508 462
510 462
511 461
512 461
513 460
515 460
516 459
518 459
519 458
520 458
521 457
523 457
524 456
525 456
526 455
528 455
529 454
531 454
532 453
533 453
532 453
531 454
529 454
528 455
526 455
525 456
524 456
523 457
521 457
520 458
519 458
518 459
516 459
515 460
513 460
512 461
511 461
510 462
508 462
507 463
506 463
505 464
503 464
502 465
500 465
499 466
498 466
497 467
495 467
494 468
493 468
492 469
490 469
489 470
488 470
487 471
485 471
484 472
482 472
481 473
480 473
479 474
477 474
476 475
475 475
474 476
472 476
471 477
469 477
468 478
467 478
466 479
464 479
463 480
462 480
461 481
459 481
458 482
456 482
455 483
454 483
453 484
451 484
450 485
449 485
448 486
446 486
445 487
443 487
442 488
441 488
440 489
438 489
437 490
436 490
435 491
433 491
432 492
430 492
429 493
428 493
427 494
425 494
424 495
423 495
422 496
420 496
419 497
417 497
416 498
415 498
414 499
412 499
411 500
410 500
409 501
407 501
406 502
405 502
404 503
402 503
401 504
399 504
398 505
397 505
396 506
394 506
393 507
392 507
391 508
389 508
388 509
386 509
385 510
384 510
383 511
381 511
380 512
379 512
378 513
376 513
375 514
373 514
372 515
371 515
370 516
368 516
367 517
366 517
365 518
363 518
362 519
360 519
359 520
358 520
357 521
356 521
354 519
354 518
352 516
352 515
349 512
349 511
346 508
346 507
344 505
344 504
341 501
341 500
339 498
339 497
336 494
336 493
333 490
333 489
331 487
331 486
328 483
328 482
325 479
325 478
323 476
323 475
320 472
320 471
318 469
318 468
315 465
315 464
312 461
312 460
310 458
310 457
307 454
307 453
305 451
305 450
302 447
302 446
299 443
299 442
297 440
297 439
294 436
294 435
291 432
291 431
289 429
289 428
286 425
286 424
284 422
284 421
281 418
281 417
278 414
278 413
276 411
276 410
273 407
273 406
271 404
271 403
268 400
268 399
265 396
265 395
263 393
263 392
260 389
260 388
257 385
257 384
255 382
255 381
252 378
252 377
250 375
250 374
247 371
247 370
244 367
244 366
242 364
242 363
239 360
239 359
237 357
237 356
234 353
234 352
231 349
231 348
229 346
229 345
226 342
226 341
223 338
223 337
222 337
221 336
222 335
228 335
229 336
238 336
239 337
249 337
250 338
260 338
261 339
270 339
271 340
281 340
282 341
292 341
293 342
303 342
304 343
313 343
314 344
324 344
325 345
335 345
336 346
345 346
346 347
356 347
357 348
367 348
368 349
378 349
379 350
388 350
389 351
399 351
400 352
403 352
405 354
406 354
409 357
410 357
413 360
414 360
418 364
419 364
422 367
423 367
426 370
427 370
430 373
431 373
434 376
435 376
439 380
440 380
443 383
444 383
447 386
448 386
451 389
452 389
455 392
456 392
460 396
461 396
464 399
465 399
468 402
469 402
472 405
473 405
476 408
477 408
480 411
481 411
485 415
486 415
489 418
490 418
493 421
494 421
497 424
498 424
501 427
502 427
506 431
507 431
510 434
511 434
514 437
515 437
518 440
519 440
522 443
523 443
527 447
528 447
531 450
532 450
533 451
534 451
533 451
530 448
529 448
525 444
524 444
521 441
520 441
517 438
516 438
513 435
512 435
509 432
508 432
504 428
503 428
500 425
499 425
496 422
495 422
492 419
491 419
488 416
487 416
483 412
482 412
479 409
478 409
475 406
474 406
471 403
470 403
467 400
466 400
463 397
462 397
458 393
457 393
454 390
453 390
450 387
449 387
446 384
445 384
442 381
441 381
437 377
436 377
433 374
432 374
429 371
428 371
425 368
424 368
421 365
420 365
416 361
415 361
412 358
411 358
408 355
407 355
405 353
404 353
403 352
400 352
399 351
389 351
388 350
379 350
378 349
368 349
367 348
357 348
356 347
346 347
345 346
336 346
335 345
325 345
324 344
314 344
313 343
304 343
303 342
293 342
292 341
282 341
281 340
271 340
270 339
261 339
260 338
250 338
249 337
239 337
238 336
229 336
228 335
537 244
535 246
535 247
533 249
532 249
532 250
531 251
531 253
530 254
529 254
529 255
530 256
529 255
530 254
531 254
531 251
534 248
535 248
535 246
537 244
538 244
539 245
540 245
542 247
542 248
543 248
544 249
546 249
547 250
549 250
550 251
552 251
553 252
554 252
555 253
557 253
558 254
559 254
560 255
561 255
562 256
563 256
573 266
573 267
575 269
575 270
576 271
576 272
578 274
578 275
580 277
580 278
583 281
583 282
585 284
585 285
587 287
587 288
589 290
589 291
590 292
590 293
591 294
591 295
592 296
592 297
593 298
593 304
594 305
594 307
593 308
592 308
591 309
590 309
589 310
588 310
586 312
585 312
584 313
583 313
582 314
581 314
580 315
579 315
577 317
576 317
575 318
574 318
573 319
570 319
563 312
562 312
561 311
560 311
559 310
558 310
557 309
556 309
554 307
553 307
551 305
550 305
547 302
546 302
544 300
543 300
542 299
541 299
534 292
534 291
525 282
525 281
518 274
518 273
516 271
516 270
517 269
517 267
513 263
513 261
509 257
509 256
510 255
510 254
512 252
513 253
514 253
518 257
520 257
520 256
521 255
522 256
523 256
524 257
527 257
524 257
522 255
520 255
520 256
519 257
516 254
515 254
513 252
511 252
511 253
509 255
509 258
513 262
513 263
514 264
514 265
517 268
516 269
516 272
519 275
519 276
526 283
526 284
535 293
535 294
539 298
540 298
541 299
542 299
544 301
545 301
548 304
549 304
551 306
552 306
554 308
555 308
556 309
557 309
558 310
559 310
560 311
561 311
562 312
563 312
565 314
565 315
569 319
573 319
574 318
575 318
576 317
577 317
578 316
579 316
581 314
582 314
583 313
584 313
585 312
586 312
587 311
588 311
590 309
591 309
592 308
593 308
594 307
594 305
593 304
593 298
592 297
592 296
591 295
591 294
590 293
590 291
588 289
588 288
586 286
586 285
584 283
584 282
582 280
582 279
579 276
579 275
577 273
577 272
575 270
575 269
574 268
574 267
572 265
572 264
565 257
564 257
563 256
562 256
561 255
560 255
559 254
558 254
557 253
555 253
554 252
553 252
552 251
550 251
549 250
547 250
546 249
544 249
540 245
539 245
538 244
424 231
424 236
423 237
423 244
422 245
422 253
421 254
421 262
420 263
420 270
419 271
419 279
418 280
418 287
417 288
417 296
416 297
416 305
415 306
415 313
414 314
414 322
413 323
413 330
412 331
412 339
411 340
411 348
410 349
410 350
411 351
411 352
412 353
413 353
417 357
418 357
421 360
422 360
425 363
426 363
429 366
430 366
433 369
434 369
437 372
438 372
442 376
443 376
446 379
447 379
450 382
451 382
454 385
455 385
458 388
459 388
463 392
464 392
467 395
468 395
471 398
472 398
475 401
476 401
479 404
480 404
484 408
485 408
488 411
489 411
492 414
493 414
496 417
497 417
500 420
501 420
504 423
505 423
509 427
510 427
513 430
514 430
517 433
518 433
521 436
522 436
525 439
526 439
530 443
531 443
534 446
535 446
538 449
539 449
542 452
542 454
541 455
540 455
539 456
538 456
537 457
535 457
534 458
533 458
532 459
530 459
529 460
527 460
526 461
525 461
524 462
522 462
521 463
520 463
519 464
517 464
516 465
514 465
513 466
512 466
511 467
509 467
508 468
507 468
506 469
504 469
503 470
501 470
500 471
499 471
498 472
496 472
495 473
494 473
493 474
491 474
490 475
489 475
488 476
486 476
485 477
483 477
482 478
481 478
480 479
478 479
477 480
476 480
475 481
473 481
472 482
470 482
469 483
468 483
467 484
465 484
464 485
463 485
462 486
460 486
459 487
457 487
456 488
455 488
454 489
452 489
451 490
450 490
449 491
447 491
446 492
444 492
443 493
442 493
441 494
439 494
438 495
437 495
436 496
434 496
433 497
431 497
430 498
429 498
428 499
426 499
425 500
424 500
423 501
421 501
420 502
418 502
417 503
416 503
415 504
413 504
412 505
411 505
410 506
408 506
407 507
406 507
405 508
403 508
402 509
400 509
399 510
398 510
397 511
395 511
394 512
393 512
392 513
390 513
389 514
387 514
386 515
385 515
384 516
382 516
381 517
380 517
379 518
377 518
376 519
374 519
373 520
372 520
371 521
369 521
368 522
367 522
366 523
364 523
363 524
361 524
360 525
353 525
350 522
350 521
348 519
348 518
345 515
345 514
342 511
342 510
340 508
340 507
337 504
337 503
334 500
334 499
332 497
332 496
329 493
329 492
327 490
327 489
324 486
324 485
321 482
321 481
319 479
319 478
316 475
316 474
314 472
314 471
311 468
311 467
308 464
308 463
306 461
306 460
303 457
303 456
300 453
300 452
298 450
298 449
295 446
295 445
293 443
293 442
290 439
290 438
287 435
287 434
285 432
285 431
282 428
282 427
280 425
280 424
277 421
277 420
274 417
274 416
272 414
272 413
269 410
269 409
266 406
266 405
264 403
264 402
261 399
261 398
259 396
259 395
256 392
256 391
253 388
253 387
251 385
251 384
248 381
248 380
246 378
246 377
243 374
243 373
240 370
240 369
238 367
238 366
235 363
235 362
232 359
232 358
230 356
230 355
227 352
227 351
225 349
225 348
222 345
222 344
220 342
220 341
219 340
218 341
218 356
217 357
217 372
216 373
216 388
215 389
215 405
214 406
214 421
213 422
213 437
212 438
212 453
211 454
211 470
210 471
210 486
209 487
209 502
208 503
208 518
207 519
207 534
206 535
206 551
205 552
205 558
207 560
210 560
211 561
214 561
215 562
218 562
219 563
222 563
223 564
227 564
228 565
231 565
232 566
235 566
236 567
239 567
240 568
243 568
244 569
248 569
249 570
252 570
253 571
256 571
257 572
260 572
261 573
264 573
265 574
269 574
270 575
273 575
274 576
277 576
278 577
281 577
282 578
285 578
286 579
289 579
290 580
294 580
295 581
298 581
299 582
302 582
303 583
306 583
307 584
310 584
311 585
315 585
316 586
319 586
320 587
323 587
324 588
327 588
328 589
331 589
332 590
336 590
337 591
340 591
341 592
344 592
345 593
348 593
349 594
352 594
353 595
356 595
357 596
361 596
362 597
365 597
366 598
369 598
370 599
373 599
374 600
377 600
378 601
382 601
383 602
386 602
387 603
390 603
391 604
394 604
395 605
398 605
399 606
403 606
404 607
407 607
408 608
411 608
412 609
415 609
416 610
419 610
420 611
423 611
424 612
428 612
429 613
432 613
433 614
436 614
437 615
440 615
441 616
444 616
445 617
449 617
450 618
453 618
454 619
457 619
458 620
461 620
462 621
465 621
466 622
472 622
474 620
474 619
476 617
476 616
478 614
478 613
480 611
480 610
482 608
482 607
485 604
485 603
487 601
487 600
489 598
489 597
491 595
491 594
493 592
493 591
495 589
495 588
498 585
498 584
500 582
500 581
502 579
502 578
504 576
504 575
506 573
506 572
508 570
508 569
511 566
511 565
513 563
513 562
515 560
515 559
517 557
517 556
519 554
519 553
521 551
521 550
524 547
524 546
526 544
526 543
528 541
528 540
530 538
530 537
532 535
532 534
534 532
534 531
537 528
537 527
539 525
539 524
541 522
541 521
543 519
543 518
545 516
545 515
547 513
547 512
550 509
550 508
552 506
552 505
554 503
554 502
556 500
556 499
558 497
558 496
560 494
560 493
563 490
563 489
565 487
565 486
567 484
567 483
569 481
569 480
571 478
571 477
573 475
573 474
576 471
576 470
578 468
578 467
580 465
580 464
582 462
582 461
584 459
584 458
586 456
586 455
589 452
589 451
591 449
591 448
593 446
593 445
595 443
595 442
597 440
597 439
599 437
599 436
601 434
601 433
603 431
603 429
601 427
601 426
593 418
593 417
585 409
585 408
576 399
576 398
568 390
568 389
559 380
559 379
551 371
551 370
542 361
542 360
534 352
534 351
525 342
525 341
517 333
517 332
508 323
508 322
500 314
500 313
492 305
492 304
483 295
483 294
475 286
475 285
466 276
466 275
458 267
458 266
449 257
449 256
441 248
441 247
432 238
432 237
426 231
424 232
425 231
433 239
433 240
442 249
442 250
450 258
450 259
459 268
459 269
467 277
467 278
476 287
476 288
484 296
484 297
493 306
493 307
501 315
501 316
509 324
509 325
518 334
518 335
526 343
526 344
535 353
535 354
543 362
543 363
552 372
552 373
560 381
560 382
569 391
569 392
577 400
577 401
586 410
586 411
594 419
594 420
602 428
602 429
603 430
602 431
602 432
600 434
600 435
598 437
598 438
596 440
596 441
594 443
594 444
592 446
592 447
590 449
590 450
587 453
587 454
585 456
585 457
583 459
583 460
581 462
581 463
579 465
579 466
577 468
577 469
574 472
574 473
572 475
572 476
570 478
570 479
568 481
568 482
566 484
566 485
564 487
564 488
561 491
561 492
559 494
559 495
557 497
557 498
555 500
555 501
553 503
553 504
551 506
551 507
548 510
548 511
546 513
546 514
544 516
544 517
542 519
542 520
540 522
540 523
538 525
538 526
535 529
535 530
533 532
533 533
531 535
531 536
529 538
529 539
527 541
527 542
525 544
525 545
522 548
522 549
520 551
520 552
518 554
518 555
516 557
516 558
514 560
514 561
512 563
512 564
509 567
509 568
507 570
507 571
505 573
505 574
503 576
503 577
501 579
501 580
499 582
499 583
496 586
496 587
494 589
494 590
492 592
492 593
490 595
490 596
488 598
488 599
486 601
486 602
483 605
483 606
481 608
481 609
479 611
479 612
477 614
477 615
475 617
475 618
473 620
473 621
472 622
466 622
465 621
462 621
461 620
458 620
457 619
454 619
453 618
450 618
449 617
445 617
444 616
441 616
440 615
437 615
436 614
433 614
432 613
429 613
428 612
424 612
423 611
420 611
419 610
416 610
415 609
412 609
411 608
408 608
407 607
404 607
403 606
399 606
398 605
395 605
394 604
391 604
390 603
387 603
386 602
383 602
382 601
378 601
377 600
374 600
373 599
370 599
369 598
366 598
365 597
362 597
361 596
357 596
356 595
353 595
352 594
349 594
348 593
345 593
344 592
341 592
340 591
337 591
336 590
332 590
331 589
328 589
327 588
324 588
323 587
320 587
319 586
316 586
315 585
311 585
310 584
307 584
306 583
303 583
302 582
299 582
298 581
295 581
294 580
290 580
289 579
286 579
285 578
282 578
281 577
278 577
277 576
274 576
273 575
270 575
269 574
265 574
264 573
261 573
260 572
257 572
256 571
253 571
252 570
249 570
248 569
244 569
243 568
240 568
239 567
236 567
235 566
232 566
231 565
228 565
227 564
223 564
222 563
219 563
218 562
215 562
214 561
211 561
210 560
207 560
205 558
205 552
206 551
206 535
207 534
207 519
208 518
208 503
209 502
209 487
210 486
210 471
211 470
211 454
212 453
212 438
213 437
213 422
214 421
214 406
215 405
215 389
216 388
216 373
217 372
217 357
218 356
218 341
219 340
220 341
220 343
223 346
223 347
226 350
226 351
228 353
228 354
231 357
231 358
233 360
233 361
236 364
236 365
239 368
239 369
241 371
241 372
244 375
244 376
247 379
247 380
249 382
249 383
252 386
252 387
254 389
254 390
257 393
257 394
260 397
260 398
262 400
262 401
265 404
265 405
267 407
267 408
270 411
270 412
273 415
273 416
275 418
275 419
278 422
278 423
281 426
281 427
283 429
283 430
286 433
286 434
288 436
288 437
291 440
291 441
294 444
294 445
296 447
296 448
299 451
299 452
301 454
301 455
304 458
304 459
307 462
307 463
309 465
309 466
312 469
312 470
315 473
315 474
317 476
317 477
320 480
320 481
322 483
322 484
325 487
325 488
328 491
328 492
330 494
330 495
333 498
333 499
335 501
335 502
338 505
338 506
341 509
341 510
343 512
343 513
346 516
346 517
349 520
349 521
351 523
351 524
352 525
360 525
361 524
363 524
364 523
366 523
367 522
368 522
369 521
371 521
372 520
373 520
374 519
376 519
377 518
379 518
380 517
381 517
382 516
384 516
385 515
386 515
387 514
389 514
390 513
392 513
393 512
394 512
395 511
397 511
398 510
399 510
400 509
402 509
403 508
405 508
406 507
407 507
408 506
410 506
411 505
412 505
413 504
415 504
416 503
417 503
418 502
420 502
421 501
423 501
424 500
425 500
426 499
428 499
429 498
430 498
431 497
433 497
434 496
436 496
437 495
438 495
439 494
441 494
442 493
443 493
444 492
446 492
447 491
449 491
450 490
451 490
452 489
454 489
455 488
456 488
457 487
459 487
460 486
462 486
463 485
464 485
465 484
467 484
468 483
469 483
470 482
472 482
473 481
475 481
476 480
477 480
478 479
480 479
481 478
482 478
483 477
485 477
486 476
488 476
489 475
490 475
491 474
493 474
494 473
495 473
496 472
498 472
499 471
500 471
501 470
503 470
504 469
506 469
507 468
508 468
509 467
511 467
512 466
513 466
514 465
516 465
517 464
519 464
520 463
521 463
522 462
524 462
525 461
526 461
527 460
529 460
530 459
532 459
533 458
534 458
535 457
537 457
538 456
539 456
540 455
542 455
542 451
541 450
540 450
537 447
536 447
533 444
532 444
528 440
527 440
524 437
523 437
520 434
519 434
516 431
515 431
512 428
511 428
507 424
506 424
503 421
502 421
499 418
498 418
495 415
494 415
491 412
490 412
487 409
486 409
482 405
481 405
478 402
477 402
474 399
473 399
470 396
469 396
466 393
465 393
461 389
460 389
457 386
456 386
453 383
452 383
449 380
448 380
445 377
444 377
440 373
439 373
436 370
435 370
432 367
431 367
428 364
427 364
424 361
423 361
420 358
419 358
415 354
414 354
410 350
410 349
411 348
411 340
412 339
412 331
413 330
413 323
414 322
414 314
415 313
415 306
416 305
416 297
417 296
417 288
418 287
418 280
419 279
419 271
420 270
420 263
421 262
421 254
422 253
422 245
423 244
423 237
424 236
418 231
417 232
416 232
415 233
414 233
412 235
411 235
410 236
409 236
408 237
407 237
406 238
405 238
404 239
403 239
402 240
401 240
400 241
399 241
398 242
397 242
396 243
395 243
393 245
392 245
391 246
390 246
389 247
388 247
387 248
386 248
385 249
384 249
383 250
382 250
381 251
380 251
379 252
378 252
377 253
376 253
375 254
374 254
372 256
371 256
370 257
369 257
368 258
367 258
366 259
365 259
364 260
363 260
362 261
361 261
360 262
359 262
358 263
357 263
356 264
355 264
353 266
352 266
351 267
350 267
349 268
348 268
347 269
346 269
345 270
344 270
343 271
342 271
341 272
340 272
339 273
338 273
337 274
336 274
335 275
334 275
332 277
331 277
330 278
329 278
328 279
327 279
326 280
325 280
324 281
323 281
322 282
321 282
320 283
319 283
318 284
317 284
316 285
315 285
313 287
312 287
311 288
310 288
309 289
308 289
307 290
306 290
305 291
304 291
303 292
302 292
301 293
300 293
299 294
298 294
297 295
296 295
294 297
293 297
292 298
291 298
290 299
289 299
288 300
287 300
286 301
285 301
284 302
283 302
282 303
281 303
280 304
279 304
278 305
277 305
276 306
275 306
273 308
272 308
271 309
270 309
269 310
268 310
267 311
266 311
265 312
264 312
263 313
262 313
261 314
260 314
259 315
258 315
257 316
256 316
254 318
253 318
252 319
251 319
250 320
249 320
248 321
247 321
246 322
245 322
244 323
243 323
242 324
241 324
240 325
239 325
238 326
237 326
236 327
235 327
233 329
232 329
231 330
229 330
228 331
229 332
230 332
229 332
228 331
229 330
231 330
232 329
233 329
234 328
235 328
237 326
238 326
239 325
240 325
241 324
242 324
243 323
244 323
245 322
246 322
247 321
248 321
249 320
250 320
251 319
252 319
253 318
254 318
255 317
256 317
258 315
259 315
260 314
261 314
262 313
263 313
264 312
265 312
266 311
267 311
268 310
269 310
270 309
271 309
272 308
273 308
274 307
275 307
277 305
278 305
279 304
280 304
281 303
282 303
283 302
284 302
285 301
286 301
287 300
288 300
289 299
290 299
291 298
292 298
293 297
294 297
295 296
296 296
298 294
299 294
300 293
301 293
302 292
303 292
304 291
305 291
306 290
307 290
308 289
309 289
310 288
311 288
312 287
313 287
314 286
315 286
317 284
318 284
319 283
320 283
321 282
322 282
323 281
324 281
325 280
326 280
327 279
328 279
329 278
330 278
331 277
332 277
333 276
334 276
336 274
337 274
338 273
339 273
340 272
341 272
342 271
343 271
344 270
345 270
346 269
347 269
348 268
349 268
350 267
351 267
352 266
353 266
354 265
355 265
357 263
358 263
359 262
360 262
361 261
362 261
363 260
364 260
365 259
366 259
367 258
368 258
369 257
370 257
371 256
372 256
373 255
374 255
376 253
377 253
378 252
379 252
380 251
381 251
382 250
383 250
384 249
385 249
386 248
387 248
388 247
389 247
390 246
391 246
392 245
393 245
394 244
395 244
397 242
398 242
399 241
400 241
401 240
402 240
403 239
404 239
405 238
406 238
407 237
408 237
409 236
410 236
411 235
412 235
413 234
414 234
416 232
417 232
418 231
419 231
619 204
618 205
610 205
609 206
601 206
600 207
593 207
592 208
584 208
583 209
575 209
574 210
566 210
565 211
557 211
556 212
548 212
547 213
539 213
538 214
530 214
529 215
521 215
520 216
512 216
511 217
503 217
502 218
494 218
493 219
485 219
484 220
476 220
475 221
467 221
466 222
458 222
457 223
449 223
448 224
440 224
439 225
431 225
430 226
429 226
429 228
437 236
437 237
446 246
446 247
454 255
454 256
462 264
462 265
471 274
471 275
479 283
479 284
488 293
488 294
496 302
496 303
505 312
505 313
513 321
513 322
522 331
522 332
530 340
530 341
539 350
539 351
547 359
547 360
555 368
555 369
564 378
564 379
572 387
572 388
581 397
581 398
589 406
589 407
598 416
598 417
604 423
604 422
597 415
597 414
588 405
588 404
580 396
580 395
571 386
571 385
563 377
563 376
554 367
554 366
546 358
546 357
538 349
538 348
529 339
529 338
521 330
521 329
512 320
512 319
504 311
504 310
495 301
495 300
487 292
487 291
478 282
478 281
470 273
470 272
461 263
461 262
453 254
453 253
445 245
445 244
436 235
436 234
429 227
431 225
439 225
440 224
448 224
449 223
457 223
458 222
466 222
467 221
475 221
476 220
484 220
485 219
493 219
494 218
502 218
503 217
511 217
512 216
520 216
521 215
529 215
530 214
538 214
539 213
547 213
548 212
556 212
557 211
565 211
566 210
574 210
575 209
583 209
584 208
592 208
593 207
600 207
601 206
609 206
610 205
618 205
619 204
626 204
627 205
627 209
626 210
626 219
625 220
625 229
624 230
624 239
623 240
623 250
622 251
622 260
621 261
621 270
620 271
620 280
619 281
619 290
618 291
618 300
617 301
617 310
616 311
616 320
615 321
615 331
614 332
614 341
613 342
613 351
612 352
612 361
611 362
611 371
610 372
610 381
609 382
609 391
608 392
608 401
607 402
607 412
606 413
606 422
606 413
607 412
607 402
608 401
608 392
609 391
609 382
610 381
610 372
611 371
611 362
612 361
612 352
613 351
613 342
614 341
614 332
615 331
615 321
616 320
616 311
617 310
617 301
618 300
618 291
619 290
619 281
620 280
620 271
621 270
621 261
622 260
622 251
623 250
623 240
624 239
624 230
625 229
625 220
626 219
626 210
627 209
627 205
626 204
273 134
272 135
271 135
271 136
270 137
270 140
269 141
269 143
268 144
268 147
267 148
267 151
266 152
266 155
265 156
265 159
264 160
264 162
263 163
263 166
262 167
262 170
261 171
261 174
260 175
260 178
259 179
259 181
258 182
258 185
257 186
257 189
256 190
256 193
255 194
255 196
254 197
254 200
253 201
253 204
252 205
252 208
251 209
251 212
250 213
250 215
249 216
249 219
248 220
248 223
247 224
247 227
246 228
246 231
245 232
245 234
244 235
244 238
243 239
243 242
242 243
242 246
241 247
241 249
240 250
240 253
239 254
239 257
238 258
238 261
237 262
237 265
236 266
236 268
235 269
235 272
234 273
234 276
233 277
233 280
232 281
232 284
231 285
231 287
230 288
230 291
229 292
229 295
228 296
228 299
227 300
227 303
226 304
226 306
225 307
225 310
224 311
224 314
223 315
223 318
222 319
222 321
221 322
221 325
220 326
220 329
222 329
223 328
224 328
225 327
226 327
227 326
228 326
229 325
230 325
232 323
233 323
234 322
235 322
236 321
237 321
238 320
239 320
240 319
241 319
242 318
243 318
244 317
245 317
246 316
247 316
248 315
249 315
251 313
252 313
253 312
254 312
255 311
256 311
257 310
258 310
259 309
260 309
261 308
262 308
263 307
264 307
265 306
266 306
267 305
268 305
269 304
270 304
272 302
273 302
274 301
275 301
276 300
277 300
278 299
279 299
280 298
281 298
282 297
283 297
284 296
285 296
286 295
287 295
288 294
289 294
291 292
292 292
293 291
294 291
295 290
296 290
297 289
298 289
299 288
300 288
301 287
302 287
303 286
304 286
305 285
306 285
307 284
308 284
310 282
311 282
312 281
313 281
314 280
315 280
316 279
317 279
318 278
319 278
320 277
321 277
322 276
323 276
324 275
325 275
326 274
327 274
328 273
329 273
331 271
332 271
333 270
334 270
335 269
336 269
337 268
338 268
339 267
340 267
341 266
342 266
343 265
344 265
345 264
346 264
347 263
348 263
350 261
351 261
352 260
353 260
354 259
355 259
356 258
357 258
358 257
359 257
360 256
361 256
362 255
363 255
364 254
365 254
366 253
367 253
368 252
369 252
371 250
372 250
373 249
374 249
375 248
376 248
377 247
378 247
379 246
380 246
381 245
382 245
383 244
384 244
385 243
386 243
387 242
388 242
390 240
391 240
392 239
393 239
394 238
395 238
396 237
397 237
398 236
399 236
400 235
401 235
402 234
403 234
404 233
405 233
406 232
407 232
409 230
410 230
411 229
412 229
413 228
414 228
415 227
416 227
417 226
418 226
417 226
416 227
415 227
414 228
413 228
412 229
411 229
410 230
409 230
408 231
407 231
405 233
404 233
403 234
402 234
401 235
400 235
399 236
398 236
397 237
396 237
395 238
394 238
393 239
392 239
391 240
390 240
389 241
388 241
386 243
385 243
384 244
383 244
382 245
381 245
380 246
379 246
378 247
377 247
376 248
375 248
374 249
373 249
372 250
371 250
370 251
369 251
367 253
366 253
365 254
364 254
363 255
362 255
361 256
360 256
359 257
358 257
357 258
356 258
355 259
354 259
353 260
352 260
351 261
350 261
349 262
348 262
346 264
345 264
344 265
343 265
342 266
341 266
340 267
339 267
338 268
337 268
336 269
335 269
334 270
333 270
332 271
331 271
330 272
329 272
327 274
326 274
325 275
324 275
323 276
322 276
321 277
320 277
319 278
318 278
317 279
316 279
315 280
314 280
313 281
312 281
311 282
310 282
309 283
308 283
306 285
305 285
304 286
303 286
302 287
301 287
300 288
299 288
298 289
297 289
296 290
295 290
294 291
293 291
292 292
291 292
290 293
289 293
287 295
286 295
285 296
284 296
283 297
282 297
281 298
280 298
279 299
278 299
277 300
276 300
275 301
274 301
273 302
272 302
271 303
270 303
268 305
267 305
266 306
265 306
264 307
263 307
262 308
261 308
260 309
259 309
258 310
257 310
256 311
255 311
254 312
253 312
252 313
251 313
250 314
249 314
247 316
246 316
245 317
244 317
243 318
242 318
241 319
240 319
239 320
238 320
237 321
236 321
235 322
234 322
233 323
232 323
231 324
230 324
228 326
227 326
226 327
225 327
224 328
223 328
222 329
221 329
220 328
220 326
221 325
221 322
222 321
222 319
223 318
223 315
224 314
224 311
225 310
225 307
226 306
226 304
227 303
227 300
228 299
228 296
229 295
229 292
230 291
230 288
231 287
231 285
232 284
232 281
233 280
233 277
234 276
234 273
235 272
235 269
236 268
236 266
237 265
237 262
238 261
238 258
239 257
239 254
240 253
240 250
241 249
241 247
242 246
242 243
243 242
243 239
244 238
244 235
245 234
245 232
246 231
246 228
247 227
247 224
248 223
248 220
249 219
249 216
250 215
250 213
251 212
251 209
252 208
252 205
253 204
253 201
254 200
254 197
255 196
255 194
256 193
256 190
257 189
257 186
258 185
258 182
259 181
259 179
260 178
260 175
261 174
261 171
262 170
262 167
263 166
263 163
264 162
264 160
265 159
265 156
266 155
266 152
267 151
267 148
268 147
268 144
269 143
269 141
270 140
270 137
273 134
274 135
278 135
279 136
283 136
284 137
288 137
289 138
293 138
294 139
298 139
299 140
303 140
304 141
308 141
309 142
313 142
314 143
318 143
319 144
323 144
324 145
329 145
330 146
334 146
335 147
339 147
340 148
339 147
335 147
334 146
330 146
329 145
324 145
323 144
319 144
318 143
314 143
313 142
309 142
308 141
304 141
303 140
299 140
298 139
294 139
293 138
289 138
288 137
284 137
283 136
279 136
278 135
274 135
272 129
271 130
269 130
268 131
267 131
267 132
266 133
266 135
265 136
265 139
264 140
264 143
263 144
263 147
262 148
262 150
261 151
261 154
260 155
260 158
259 159
259 162
258 163
258 166
257 167
257 169
256 170
256 173
255 174
255 177
254 178
254 181
253 182
253 184
252 185
252 188
251 189
251 192
250 193
250 196
249 197
249 200
248 201
248 203
247 204
247 207
246 208
246 211
245 212
245 215
244 216
244 219
243 220
243 222
242 223
242 226
241 227
241 230
240 231
240 234
239 235
239 238
238 239
238 241
237 242
237 245
236 246
236 249
235 250
235 253
234 254
234 256
233 257
233 260
232 261
232 264
231 265
231 268
230 269
230 272
229 273
229 275
228 276
228 279
227 280
227 283
226 284
226 287
225 288
225 291
224 292
224 294
223 295
223 298
222 299
222 302
221 303
221 306
220 307
220 310
219 311
219 313
218 314
218 317
217 318
217 321
216 322
216 325
215 326
215 328
214 329
214 340
213 341
213 357
212 358
212 373
211 374
211 389
210 390
210 405
209 406
209 422
208 423
208 438
207 439
207 454
206 455
206 470
205 471
205 486
204 487
204 503
203 504
203 519
202 520
202 535
201 536
201 551
200 552
200 558
201 559
201 560
202 561
202 562
203 563
203 564
205 564
206 565
209 565
210 566
214 566
215 567
218 567
219 568
222 568
223 569
226 569
227 570
230 570
231 571
235 571
236 572
239 572
240 573
243 573
244 574
247 574
248 575
251 575
252 576
256 576
257 577
260 577
261 578
264 578
265 579
268 579
269 580
272 580
273 581
276 581
277 582
281 582
282 583
285 583
286 584
289 584
290 585
293 585
294 586
297 586
298 587
302 587
303 588
306 588
307 589
310 589
311 590
314 590
315 591
318 591
319 592
323 592
324 593
327 593
328 594
331 594
332 595
335 595
336 596
339 596
340 597
343 597
344 598
348 598
349 599
352 599
353 600
356 600
357 601
360 601
361 602
364 602
365 603
369 603
370 604
373 604
374 605
377 605
378 606
381 606
382 607
385 607
386 608
390 608
391 609
394 609
395 610
398 610
399 611
402 611
403 612
406 612
407 613
410 613
411 614
415 614
416 615
419 615
420 616
423 616
424 617
427 617
428 618
431 618
432 619
436 619
437 620
440 620
441 621
444 621
445 622
448 622
449 623
452 623
453 624
457 624
458 625
461 625
462 626
465 626
466 627
469 627
470 628
475 628
475 627
476 626
476 625
478 623
478 622
480 620
480 619
482 617
482 616
484 614
484 613
486 611
486 610
489 607
489 606
491 604
491 603
493 601
493 600
495 598
495 597
497 595
497 594
499 592
499 591
502 588
502 587
504 585
504 584
506 582
506 581
508 579
508 578
510 576
510 575
512 573
512 572
515 569
515 568
517 566
517 565
519 563
519 562
521 560
521 559
523 557
523 556
525 554
525 553
528 550
528 549
530 547
530 546
532 544
532 543
534 541
534 540
536 538
536 537
538 535
538 534
541 531
541 530
543 528
543 527
545 525
545 524
547 522
547 521
549 519
549 518
551 516
551 515
554 512
554 511
556 509
556 508
558 506
558 505
560 503
560 502
562 500
562 499
564 497
564 496
567 493
567 492
569 490
569 489
571 487
571 486
573 484
573 483
575 481
575 480
577 478
577 477
580 474
580 473
582 471
582 470
584 468
584 467
586 465
586 464
588 462
588 461
590 459
590 458
592 456
592 455
595 452
595 451
597 449
597 448
599 446
599 445
601 443
601 442
603 440
603 439
604 438
609 438
609 434
610 433
610 423
611 422
611 412
612 411
612 402
613 401
613 392
614 391
614 382
615 381
615 372
616 371
616 362
617 361
617 352
618 351
618 342
619 341
619 331
620 330
620 321
621 320
621 311
622 310
622 301
623 300
623 291
624 290
624 281
625 280
625 271
626 270
626 260
627 259
627 250
628 249
628 240
629 239
629 230
630 229
630 220
631 219
631 210
632 209
632 204
633 203
633 199
632 199
631 198
628 198
627 199
625 199
624 198
620 198
619 197
615 197
614 196
610 196
609 195
605 195
604 194
600 194
599 193
595 193
594 192
590 192
589 191
584 191
583 190
579 190
578 189
574 189
573 188
569 188
568 187
564 187
563 186
559 186
558 185
554 185
553 184
549 184
548 183
544 183
543 182
539 182
538 181
534 181
533 180
529 180
528 179
523 179
522 178
518 178
517 177
513 177
512 176
508 176
507 175
503 175
502 174
498 174
497 173
493 173
492 172
488 172
487 171
483 171
482 170
478 170
477 169
473 169
472 168
467 168
466 167
462 167
461 166
457 166
456 165
452 165
451 164
447 164
446 163
442 163
441 162
437 162
436 161
432 161
431 160
427 160
426 159
422 159
421 158
417 158
416 157
412 157
411 156
406 156
405 155
401 155
400 154
396 154
395 153
391 153
390 152
386 152
385 151
361 151
360 152
361 153
366 153
361 153
360 152
361 151
385 151
386 152
390 152
391 153
395 153
396 154
400 154
401 155
405 155
406 156
411 156
412 157
416 157
417 158
421 158
422 159
426 159
427 160
431 160
432 161
436 161
437 162
441 162
442 163
446 163
447 164
451 164
452 165
456 165
457 166
461 166
462 167
466 167
467 168
472 168
473 169
477 169
478 170
482 170
483 171
487 171
488 172
492 172
493 173
497 173
498 174
502 174
503 175
507 175
508 176
512 176
513 177
517 177
518 178
522 178
523 179
528 179
529 180
533 180
534 181
538 181
539 182
543 182
544 183
548 183
549 184
553 184
554 185
558 185
559 186
563 186
564 187
568 187
569 188
573 188
574 189
578 189
579 190
583 190
584 191
589 191
590 192
594 192
595 193
599 193
600 194
604 194
605 195
609 195
610 196
614 196
615 197
619 197
620 198
624 198
625 199
627 199
628 198
631 198
633 200
633 203
632 204
632 209
631 210
631 219
630 220
630 229
629 230
629 239
628 240
628 249
627 250
627 259
626 260
626 270
625 271
625 280
624 281
624 290
623 291
623 300
622 301
622 310
621 311
621 320
620 321
620 330
619 331
619 341
618 342
618 351
617 352
617 361
616 362
616 371
615 372
615 381
614 382
614 391
613 392
613 401
612 402
612 411
611 412
611 422
610 423
610 433
609 434
609 437
608 438
604 438
602 440
602 441
600 443
600 444
598 446
598 447
596 449
596 450
593 453
593 454
591 456
591 457
589 459
589 460
587 462
587 463
585 465
585 466
583 468
583 469
581 471
581 472
578 475
578 476
576 478
576 479
574 481
574 482
572 484
572 485
570 487
570 488
568 490
568 491
565 494
565 495
563 497
563 498
561 500
561 501
559 503
559 504
557 506
557 507
555 509
555 510
552 513
552 514
550 516
550 517
548 519
548 520
546 522
546 523
544 525
544 526
542 528
542 529
539 532
539 533
537 535
537 536
535 538
535 539
533 541
533 542
531 544
531 545
529 547
529 548
526 551
526 552
524 554
524 555
522 557
522 558
520 560
520 561
518 563
518 564
516 566
516 567
513 570
513 571
511 573
511 574
509 576
509 577
507 579
507 580
505 582
505 583
503 585
503 586
500 589
500 590
498 592
498 593
496 595
496 596
494 598
494 599
492 601
492 602
490 604
490 605
487 608
487 609
485 611
485 612
483 614
483 615
481 617
481 618
479 620
479 621
477 623
477 624
476 625
476 626
474 628
470 628
469 627
466 627
465 626
462 626
461 625
458 625
457 624
453 624
452 623
449 623
448 622
445 622
444 621
441 621
440 620
437 620
436 619
432 619
431 618
428 618
427 617
424 617
423 616
420 616
419 615
416 615
415 614
411 614
410 613
407 613
406 612
403 612
402 611
399 611
398 610
395 610
394 609
391 609
390 608
386 608
385 607
382 607
381 606
378 606
377 605
374 605
373 604
370 604
369 603
365 603
364 602
361 602
360 601
357 601
356 600
353 600
352 599
349 599
348 598
344 598
343 597
340 597
339 596
336 596
335 595
332 595
331 594
328 594
327 593
324 593
323 592
319 592
318 591
315 591
314 590
311 590
310 589
307 589
306 588
303 588
302 587
298 587
297 586
294 586
293 585
290 585
289 584
286 584
285 583
282 583
281 582
277 582
276 581
273 581
272 580
269 580
268 579
265 579
264 578
261 578
260 577
257 577
256 576
252 576
251 575
248 575
247 574
244 574
243 573
240 573
239 572
236 572
235 571
231 571
230 570
227 570
226 569
223 569
222 568
219 568
218 567
215 567
214 566
210 566
209 565
206 565
205 564
204 564
202 562
202 560
200 558
200 552
201 551
201 536
202 535
202 520
203 519
203 504
204 503
204 487
205 486
205 471
206 470
206 455
207 454
207 439
208 438
208 423
209 422
209 406
210 405
210 390
211 389
211 374
212 373
212 358
213 357
213 341
214 340
214 329
215 328
215 326
216 325
216 322
217 321
217 318
218 317
218 314
219 313
219 311
220 310
220 307
221 306
221 303
222 302
222 299
223 298
223 295
224 294
224 292
225 291
225 288
226 287
226 284
227 283
227 280
228 279
228 276
229 275
229 273
230 272
230 269
231 268
231 265
232 264
232 261
233 260
233 257
234 256
234 254
235 253
235 250
236 249
236 246
237 245
237 242
238 241
238 239
239 238
239 235
240 234
240 231
241 230
241 227
242 226
242 223
243 222
243 220
244 219
244 216
245 215
245 212
246 211
246 208
247 207
247 204
248 203
248 201
249 200
249 197
250 196
250 193
251 192
251 189
252 188
252 185
253 184
253 182
254 181
254 178
255 177
255 174
256 173
256 170
257 169
257 167
258 166
258 163
259 162
259 159
260 158
260 155
261 154
261 151
262 150
262 148
263 147
263 144
264 143
264 140
265 139
265 136
266 135
266 133
269 130
271 130
272 129
273 129
274 130
278 130
279 131
283 131
284 132
288 132
289 133
294 133
295 134
299 134
300 135
304 135
305 136
309 136
310 137
314 137
315 138
319 138
320 139
324 139
325 140
329 140
330 141
334 141
335 142
339 142
341 144
341 146
341 143
340 143
339 142
335 142
334 141
330 141
329 140
325 140
324 139
320 139
319 138
315 138
314 137
310 137
309 136
305 136
304 135
300 135
299 134
295 134
294 133
289 133
288 132
284 132
283 131
279 131
278 130
274 130
273 129
560 13
559 14
547 14
546 15
541 15
540 16
537 16
536 17
534 17
533 18
531 18
530 19
529 19
528 20
527 20
526 21
524 21
523 22
522 22
521 23
520 23
518 25
517 25
515 27
515 28
513 30
512 30
509 33
509 34
508 35
508 36
507 37
507 38
506 39
506 40
505 41
505 42
504 43
504 44
503 45
503 46
502 47
502 48
501 49
501 51
500 52
500 54
499 55
499 57
498 58
498 60
497 61
497 65
496 66
496 68
495 69
495 73
494 74
494 85
493 86
493 111
494 112
494 117
495 118
495 119
496 120
496 121
498 123
498 124
500 126
500 127
501 128
501 129
502 130
502 131
508 137
508 138
513 143
513 144
522 153
524 153
525 154
526 154
527 155
528 155
529 156
531 156
533 158
534 158
535 159
537 159
538 160
540 160
541 161
542 161
543 162
545 162
546 163
585 163
585 135
584 134
582 134
581 135
576 135
575 134
574 135
550 135
549 134
548 134
547 133
546 133
545 132
544 132
543 131
541 131
540 130
539 130
537 128
536 128
534 126
534 123
533 122
533 119
532 118
532 115
531 114
531 113
530 112
530 110
529 109
529 108
528 107
528 105
527 104
527 103
526 102
526 101
527 100
547 100
548 101
551 101
552 102
555 102
556 103
589 103
590 102
591 102
591 98
592 97
592 78
593 77
593 73
592 73
591 72
579 72
577 70
537 70
536 71
535 71
534 72
530 72
529 71
526 71
525 70
525 69
526 68
526 66
527 65
527 63
528 62
528 60
529 59
529 58
531 56
531 55
532 54
532 53
533 52
533 51
534 50
534 49
539 44
540 44
542 42
548 42
549 43
549 44
550 45
561 45
562 46
587 46
587 40
588 39
588 37
589 36
591 36
591 34
592 33
592 31
593 30
593 29
594 28
594 24
593 24
591 22
590 22
589 21
587 21
586 20
585 20
583 18
583 17
582 16
579 16
578 15
573 15
572 14
561 14
559 14
560 13
561 14
572 14
573 15
578 15
579 16
582 16
583 17
583 18
585 20
586 20
587 21
589 21
591 23
592 23
594 25
594 28
593 29
593 30
592 31
592 33
591 34
590 34
589 33
589 32
589 33
591 35
590 36
588 36
588 39
587 40
587 45
586 46
562 46
561 45
550 45
549 44
549 43
548 42
542 42
541 43
540 43
538 45
537 45
535 47
535 48
534 49
534 50
533 51
533 52
532 53
532 54
530 56
530 57
529 58
529 59
528 60
528 62
527 63
527 65
526 66
526 68
525 69
525 71
529 71
530 72
535 72
537 70
577 70
579 72
591 72
593 74
593 77
592 78
592 97
591 98
591 101
589 103
556 103
555 102
552 102
551 101
548 101
547 100
526 100
526 102
527 103
527 104
528 105
528 107
529 108
529 109
530 110
530 112
531 113
531 114
532 115
532 118
533 119
533 122
534 123
534 126
538 130
540 130
541 131
543 131
544 132
545 132
546 133
547 133
549 135
574 135
575 134
576 135
581 135
582 134
584 134
585 135
585 162
584 163
546 163
545 162
543 162
542 161
541 161
540 160
538 160
537 159
535 159
534 158
533 158
531 156
529 156
528 155
527 155
526 154
525 154
524 153
523 153
512 142
512 141
507 136
507 135
501 129
501 128
500 127
500 126
499 125
499 124
497 122
497 121
495 119
495 118
494 117
494 112
493 111
493 86
494 85
494 74
495 73
495 69
496 68
496 66
497 65
497 61
498 60
498 58
499 57
499 55
500 54
500 52
501 51
501 49
502 48
502 47
503 46
503 45
504 44
504 43
505 42
505 41
506 40
506 39
507 38
507 37
508 36
508 35
519 24
520 24
522 22
523 22
524 21
526 21
527 20
528 20
529 19
530 19
531 18
533 18
534 17
536 17
537 16
540 16
541 15
546 15
547 14
317 13
316 14
306 14
305 15
300 15
299 16
295 16
294 17
250 17
248 19
248 46
249 47
280 47
282 49
282 53
283 54
283 58
282 59
282 86
280 88
279 88
277 90
276 90
275 91
269 91
268 90
254 90
253 89
253 84
252 83
225 83
223 85
223 89
224 90
224 99
225 100
225 102
226 103
226 104
227 105
227 106
228 107
228 108
229 109
229 110
236 117
238 117
239 118
240 118
241 119
243 119
244 120
281 120
282 119
285 119
286 118
287 118
288 117
290 117
291 116
292 116
293 115
294 115
296 113
297 113
301 109
302 109
306 105
306 104
308 102
308 101
309 100
309 98
310 97
310 95
311 94
311 91
312 90
312 45
314 43
341 43
341 14
340 13
316 14
317 13
340 13
341 14
341 42
340 43
314 43
313 44
312 44
312 90
311 91
311 94
310 95
310 97
309 98
309 100
307 102
307 103
306 104
306 105
304 107
303 107
300 110
299 110
295 114
294 114
292 116
291 116
290 117
288 117
287 118
286 118
285 119
282 119
281 120
244 120
243 119
241 119
240 118
239 118
238 117
237 117
228 108
228 107
227 106
227 105
226 104
226 103
225 102
225 100
224 99
224 90
223 89
223 85
225 83
252 83
253 84
253 89
254 90
268 90
269 91
276 91
278 89
279 89
282 86
282 59
283 58
283 54
282 53
282 49
280 47
249 47
248 46
248 19
250 17
294 17
295 16
299 16
300 15
305 15
306 14
409 8
408 9
402 9
401 10
399 10
398 11
397 11
396 12
395 12
394 13
393 13
392 14
391 14
389 16
388 16
383 21
383 22
381 24
381 25
379 27
379 28
378 29
378 30
375 33
375 34
373 36
373 37
372 38
372 39
371 40
371 41
370 42
370 44
369 45
369 46
368 47
368 48
367 49
367 52
366 53
366 62
365 63
365 77
364 78
364 92
365 93
365 100
366 101
366 106
367 107
367 109
368 110
368 113
369 114
369 116
370 117
370 118
371 119
371 121
372 122
372 123
374 125
374 126
376 128
376 129
383 136
384 136
385 137
386 137
387 138
388 138
390 140
392 140
393 141
396 141
397 142
408 142
409 143
442 143
443 142
446 142
447 141
449 141
450 140
451 140
452 139
454 139
455 138
457 138
458 137
459 137
461 135
462 135
463 134
464 134
468 130
468 129
469 128
469 127
470 126
470 125
471 124
471 123
472 122
472 121
473 120
473 119
474 118
474 115
475 114
475 98
474 97
474 94
473 93
473 92
472 91
472 90
470 88
470 87
469 87
467 85
467 82
466 81
466 78
465 77
465 73
464 72
464 71
463 70
462 71
459 71
458 72
455 72
454 73
452 73
451 74
448 74
447 75
444 75
443 76
436 76
434 78
434 105
435 106
437 106
438 107
443 107
444 108
446 108
444 108
443 107
438 107
437 106
435 106
434 105
434 78
436 76
443 76
444 75
447 75
448 74
451 74
452 73
454 73
455 72
458 72
459 71
462 71
463 70
464 71
464 72
465 73
465 77
466 78
466 81
467 82
467 85
471 89
471 90
473 92
473 93
474 94
474 97
475 98
475 114
474 115
474 118
473 119
473 120
472 121
472 122
471 123
471 124
470 125
470 126
469 127
469 128
462 135
461 135
460 136
459 136
457 138
455 138
454 139
452 139
451 140
450 140
449 141
447 141
446 142
443 142
442 143
409 143
408 142
397 142
396 141
393 141
392 140
391 140
390 139
389 139
388 138
387 138
386 137
385 137
375 127
375 126
373 124
373 123
371 121
371 119
370 118
370 117
369 116
369 114
368 113
368 110
367 109
367 107
366 106
366 101
365 100
365 93
364 92
364 78
365 77
365 63
366 62
366 53
367 52
367 49
368 48
368 47
369 46
369 45
370 44
370 42
371 41
371 40
372 39
372 38
374 36
374 35
377 32
377 31
378 30
378 29
380 27
380 26
382 24
382 23
390 15
391 15
393 13
394 13
395 12
396 12
397 11
398 11
399 10
401 10
402 9
408 9
409 8
412 8
413 9
422 9
423 10
425 10
426 11
427 11
428 12
430 12
432 14
433 14
434 15
435 15
438 18
439 18
445 24
445 25
448 28
449 28
454 33
433 54
419 40
417 40
416 39
415 39
414 38
409 38
408 39
407 39
406 40
406 41
405 42
405 43
404 44
404 45
402 47
402 48
399 51
399 52
398 53
398 54
397 55
397 56
396 57
396 59
395 60
395 74
394 75
394 92
395 93
395 98
396 99
396 102
397 103
397 105
398 106
398 107
399 108
399 109
400 110
400 111
401 112
403 112
404 113
407 113
408 112
409 113
414 113
415 114
417 114
418 113
439 113
441 111
443 111
444 110
446 110
444 110
443 111
441 111
440 112
439 112
438 113
418 113
417 114
415 114
414 113
409 113
408 112
407 113
404 113
403 112
401 112
400 111
400 110
399 109
399 108
398 107
398 106
397 105
397 103
396 102
396 99
395 98
395 93
394 92
394 75
395 74
395 60
396 59
396 57
397 56
397 55
398 54
398 53
401 50
401 49
403 47
403 46
404 45
404 44
405 43
405 42
409 38
414 38
415 39
416 39
417 40
419 40
421 42
421 43
432 54
434 54
454 34
454 32
451 29
450 29
444 23
444 22
441 19
440 19
437 16
436 16
435 15
434 15
432 13
431 13
430 12
428 12
427 11
426 11
425 10
423 10
422 9
413 9
412 8
13
0
680
931
1591
2249
2613
2874
3510
4662
4880
5087
5170
5251
