23,155,273,400
23,311,273,400
23,466,273,400
273,207,523,400
273,415,523,400
273,622,523,400
773,184,1023,400
773,369,1023,400
773,554,1023,400
1023,184,1273,400
1023,369,1273,400
1023,554,1273,400
1273,155,1523,400
1273,311,1523,400
1273,466,1523,400
1523,155,1773,400
1523,311,1773,400
1523,466,1773,400
1773,164,2023,400
1773,329,2023,400
1773,493,2023,400
2023,174,2273,400
2023,349,2273,400
2023,523,2273,400
2523,130,2773,400
2523,261,2773,400
2523,391,2773,400
3023,116,3273,400
3023,233,3273,400
3023,349,3273,400
3273,130,3523,400
3273,261,3523,400
3273,391,3523,400
3523,138,3773,400
3523,277,3773,400
3523,415,3773,400
3773,138,4023,400
3773,277,4023,400
3773,415,4023,400
4023,103,4273,400
4023,207,4273,400
4023,311,4273,400
4273,110,4523,400
4273,220,4523,400
4273,329,4523,400
4523,110,4773,400
4523,220,4773,400
4523,329,4773,400
