22,138,172,400
22,277,172,400
22,415,172,400
172,138,322,400
172,277,322,400
172,415,322,400
322,130,472,400
322,261,472,400
322,391,472,400
772,130,922,400
772,261,922,400
772,391,922,400
922,130,1072,400
922,261,1072,400
922,391,1072,400
1222,155,1372,400
1222,311,1372,400
1222,466,1372,400
1372,146,1522,400
1372,293,1522,400
1372,440,1522,400
1522,146,1672,400
1522,293,1672,400
1522,440,1672,400
1672,146,1822,400
1672,293,1822,400
1672,440,1822,400
1822,146,1972,400
1822,293,1972,400
1822,440,1972,400
1972,146,2122,400
1972,293,2122,400
1972,440,2122,400
2272,130,2422,400
2272,261,2422,400
2272,391,2422,400
2422,130,2572,400
2422,261,2572,400
2422,391,2572,400
2572,130,2722,400
2572,261,2722,400
2572,391,2722,400
2722,130,2872,400
2722,261,2872,400
2722,391,2872,400
2872,130,3022,400
2872,261,3022,400
2872,391,3022,400
3172,207,3322,400
3172,415,3322,400
3172,622,3322,400
3322,207,3472,400
3322,415,3472,400
3322,622,3472,400
3472,220,3622,400
3472,440,3622,400
3472,659,3622,400
3622,220,3772,400
3622,440,3772,400
3622,659,3772,400
3772,220,3922,400
3772,440,3922,400
3772,659,3922,400
3922,220,4072,400
3922,440,4072,400
3922,659,4072,400
4072,220,4222,400
4072,440,4222,400
4072,659,4222,400
4222,207,4372,400
4222,415,4372,400
4222,622,4372,400
4372,195,4522,400
4372,391,4522,400
4372,587,4522,400
4522,195,4672,400
4522,391,4672,400
4522,587,4672,400
4672,195,4822,400
4672,391,4822,400
4672,587,4822,400
4822,195,4972,400
4822,391,4972,400
4822,587,4972,400
4972,195,5122,400
4972,391,5122,400
4972,587,5122,400
5122,184,5272,400
5122,369,5272,400
5122,554,5272,400
5272,195,5422,400
5272,391,5422,400
5272,587,5422,400
5422,195,5572,400
5422,391,5572,400
5422,587,5572,400
5572,195,5722,400
5572,391,5722,400
5572,587,5722,400
5722,195,5872,400
5722,391,5872,400
5722,587,5872,400
6772,123,6922,400
6772,246,6922,400
6772,369,6922,400
6922,123,7072,400
6922,246,7072,400
6922,369,7072,400
7072,130,7222,400
7072,261,7222,400
7072,391,7222,400
7372,138,7522,400
7372,277,7522,400
7372,415,7522,400
7522,138,7672,400
7522,277,7672,400
7522,415,7672,400
7672,164,7822,400
7672,329,7822,400
7672,493,7822,400
7822,174,7972,400
7822,349,7972,400
7822,523,7972,400
7972,164,8122,400
7972,329,8122,400
7972,493,8122,400
8122,164,8272,400
8122,329,8272,400
8122,493,8272,400
8272,82,8422,400
8272,164,8422,400
8272,246,8422,400
8422,174,8572,400
8422,349,8572,400
8422,523,8572,400
8872,130,9022,400
8872,261,9022,400
8872,391,9022,400
9022,130,9172,400
9022,261,9172,400
9022,391,9172,400
9172,138,9322,400
9172,277,9322,400
9172,415,9322,400
9322,130,9472,400
9322,261,9472,400
9322,391,9472,400
9922,195,10072,400
9922,391,10072,400
9922,587,10072,400
10072,195,10222,400
10072,391,10222,400
10072,587,10222,400
10222,195,10372,400
10222,391,10372,400
10222,587,10372,400
10372,195,10522,400
10372,391,10522,400
10372,587,10522,400
10522,195,10672,400
10522,391,10672,400
10522,587,10672,400
10672,195,10822,400
10672,391,10822,400
10672,587,10822,400
10822,184,10972,400
10822,369,10972,400
10822,554,10972,400
10972,184,11122,400
10972,369,11122,400
10972,554,11122,400
11122,184,11272,400
11122,369,11272,400
11122,554,11272,400
11272,184,11422,400
11272,369,11422,400
11272,554,11422,400
11422,174,11572,400
11422,349,11572,400
11422,554,11572,400
11572,184,11722,400
11572,369,11722,400
11572,554,11722,400
11722,174,11872,400
11722,349,11872,400
11722,523,11872,400
11872,184,12022,400
11872,369,12022,400
11872,554,12022,400
12022,184,12172,400
12022,369,12172,400
12022,554,12172,400
12172,174,12322,400
12172,349,12322,400
12172,523,12322,400
