24,164,274,400
24,329,274,400
24,493,274,400
274,207,524,400
274,415,524,400
274,622,524,400
774,184,1024,400
774,369,1024,400
774,554,1024,400
1024,138,1274,400
1024,277,1274,400
1024,415,1274,400
1274,155,1524,400
1274,311,1524,400
1274,466,1524,400
1774,174,2024,400
1774,349,2024,400
1774,523,2024,400
2274,138,2524,400
2274,277,2524,400
2274,415,2524,400
2524,130,2774,400
2524,261,2774,400
2524,391,2774,400
2774,116,3024,400
2774,233,3024,400
2774,349,3024,400
3024,130,3274,400
3024,261,3274,400
3024,391,3274,400
3274,146,3524,400
3274,293,3524,400
3274,440,3524,400
3524,138,3774,400
3524,277,3774,400
3524,415,3774,400
3774,103,4024,400
3774,207,4024,400
3774,311,4024,400
4024,110,4274,400
4024,220,4274,400
4024,329,4274,400
4274,110,4524,400
4274,220,4524,400
4274,329,4524,400
5274,155,5524,400
5274,311,5524,400
5274,466,5524,400
5524,164,5774,400
5524,329,5774,400
5524,493,5774,400
5774,195,6024,400
5774,391,6024,400
5774,587,6024,400
6024,184,6274,400
6024,369,6274,400
6024,554,6274,400
6274,174,6524,400
6274,349,6524,400
6274,523,6524,400
6524,155,6774,400
6524,311,6774,400
6524,466,6774,400
7024,174,7274,400
7024,349,7274,400
7024,523,7274,400
7274,174,7524,400
7274,349,7524,400
7274,523,7524,400
7524,123,7774,400
7524,246,7774,400
7524,391,7774,400
7774,130,8024,400
7774,261,8024,400
7774,391,8024,400
8024,110,8274,400
8024,220,8274,400
8024,329,8274,400
8274,116,8524,400
8274,233,8524,400
8274,349,8524,400
8524,138,8774,400
8524,277,8774,400
8524,415,8774,400
8774,146,9024,400
8774,293,9024,400
8774,440,9024,400
9024,103,9274,400
9024,207,9274,400
9024,311,9274,400
9274,110,9524,400
9274,220,9524,400
9274,329,9524,400
9524,110,9774,400
9524,220,9774,400
9524,329,9774,400
10524,155,10774,400
10524,311,10774,400
10524,466,10774,400
10774,130,11024,400
10774,261,11024,400
10774,391,11024,400
11024,207,11274,400
11024,415,11274,400
11024,622,11274,400
11274,184,11524,400
11274,369,11524,400
11274,554,11524,400
11524,195,11774,400
11524,391,11774,400
11524,587,11774,400
11774,155,12024,400
11774,311,12024,400
11774,466,12024,400
12024,164,12274,400
12024,329,12274,400
12024,493,12274,400
12274,164,12524,400
12274,329,12524,400
12274,523,12524,400
12524,174,12774,400
12524,349,12774,400
12524,523,12774,400
12774,138,13024,400
12774,277,13024,400
12774,415,13024,400
13024,130,13274,400
13024,261,13274,400
13024,391,13274,400
13524,116,13774,400
13524,233,13774,400
13524,349,13774,400
14024,146,14274,400
14024,293,14274,400
14024,440,14274,400
14274,110,14524,400
14274,220,14524,400
14274,329,14524,400
14524,110,14774,400
14524,220,14774,400
14524,329,14774,400
14774,110,15024,400
14774,220,15024,400
14774,329,15024,400
15024,110,15274,400
15024,220,15274,400
15024,329,15274,400
